== reassign: candidate-renormalised P(correct) [chance = 1/n]  (acc)
 n  gap granite_4_0_h_micro granite_4_0_h_tiny Nemotron_H_8B_Base_8K Falcon_H1_1_5B_Base    Bamba_9B_v2     Qwen3_5_4B         S5rope         S5nope           H7s2             H7           T7s2
 1    4    1.00 (1.00)    1.00 (1.00)    1.00 (1.00)    1.00 (1.00)    1.00 (1.00)    1.00 (1.00)    1.00 (1.00)    1.00 (1.00)    1.00 (1.00)    1.00 (1.00)    1.00 (1.00)
 1   32    1.00 (1.00)    1.00 (1.00)    1.00 (1.00)    1.00 (1.00)    1.00 (1.00)    1.00 (1.00)    1.00 (1.00)    1.00 (1.00)    1.00 (1.00)    1.00 (1.00)    1.00 (1.00)
 2    4    0.63 (0.65)    0.57 (0.60)    0.60 (0.77)    0.54 (0.58)    0.72 (0.75)    0.64 (0.73)    0.28 (0.17)    0.27 (0.15)    0.49 (0.47)    0.34 (0.20)    0.51 (0.47)
 2   32    0.34 (0.32)    0.58 (0.57)    0.50 (0.52)    0.56 (0.65)    0.44 (0.42)    0.51 (0.50)    0.66 (0.69)    0.49 (0.49)    0.44 (0.36)    0.14 (0.03)    0.50 (0.53)
 4    4    0.23 (0.22)    0.33 (0.38)    0.13 (0.02)    0.22 (0.15)    0.59 (0.75)    0.29 (0.32)    0.18 (0.13)    0.19 (0.15)    0.31 (0.41)    0.13 (0.03)    0.30 (0.34)
 4   32    0.32 (0.32)    0.43 (0.55)    0.35 (0.42)    0.41 (0.55)    0.43 (0.53)    0.42 (0.62)    0.46 (0.53)    0.32 (0.31)    0.51 (0.86)    0.17 (0.11)    0.36 (0.47)
 8    4    0.11 (0.07)    0.32 (0.42)    0.37 (0.62)    0.13 (0.10)    0.21 (0.32)    0.19 (0.25)    0.21 (0.24)    0.15 (0.14)    0.29 (0.62)    0.10 (0.05)    0.22 (0.42)
 8   32    0.24 (0.22)    0.37 (0.68)    0.17 (0.17)    0.22 (0.33)    0.17 (0.18)    0.27 (0.48)    0.23 (0.35)    0.24 (0.31)    0.43 (0.82)    0.15 (0.17)    0.29 (0.61)
== keyed: candidate-renormalised P(correct) [chance = 1/n]  (acc)
 n  gap granite_4_0_h_micro granite_4_0_h_tiny Nemotron_H_8B_Base_8K Falcon_H1_1_5B_Base    Bamba_9B_v2     Qwen3_5_4B         S5rope         S5nope           H7s2             H7           T7s2
 1    4    1.00 (1.00)    1.00 (1.00)    1.00 (1.00)    1.00 (1.00)    1.00 (1.00)    1.00 (1.00)    1.00 (1.00)    1.00 (1.00)    1.00 (1.00)    1.00 (1.00)    1.00 (1.00)
 1   32    1.00 (1.00)    1.00 (1.00)    1.00 (1.00)    1.00 (1.00)    1.00 (1.00)    1.00 (1.00)    1.00 (1.00)    1.00 (1.00)    1.00 (1.00)    1.00 (1.00)    1.00 (1.00)
 2    4    0.99 (1.00)    0.99 (1.00)    0.92 (1.00)    0.96 (1.00)    0.53 (0.53)    1.00 (1.00)    0.96 (1.00)    0.96 (1.00)    0.97 (1.00)    0.97 (1.00)    0.93 (1.00)
 2   32    0.99 (1.00)    0.94 (1.00)    0.53 (0.52)    0.93 (1.00)    0.53 (0.55)    1.00 (1.00)    0.95 (1.00)    0.89 (0.96)    0.96 (1.00)    0.96 (0.99)    0.92 (0.97)
 4    4    0.96 (1.00)    0.97 (1.00)    0.56 (0.72)    0.94 (1.00)    0.29 (0.28)    1.00 (1.00)    0.85 (0.96)    0.91 (0.99)    0.96 (1.00)    0.95 (0.99)    0.91 (1.00)
 4   32    0.94 (0.98)    0.73 (0.90)    0.29 (0.30)    0.93 (1.00)    0.25 (0.20)    0.99 (1.00)    0.91 (0.97)    0.68 (0.73)    0.95 (1.00)    0.94 (0.99)    0.91 (1.00)
 8    4    0.89 (0.93)    0.92 (1.00)    0.43 (0.60)    0.92 (1.00)    0.14 (0.13)    0.99 (1.00)    0.75 (0.90)    0.75 (0.91)    0.95 (1.00)    0.93 (1.00)    0.92 (1.00)
 8   32    0.91 (0.95)    0.64 (0.88)    0.14 (0.23)    0.84 (0.95)    0.11 (0.08)    0.99 (1.00)    0.77 (0.88)    0.59 (0.65)    0.94 (0.99)    0.91 (1.00)    0.92 (1.00)
== reassign n>=2: mass on FIRST occurrence (primacy) — pooled over gaps
granite_4_0_h_micro  n=2: last 0.48 first 0.52 | n=4: last 0.28 first 0.25 | n=8: last 0.17 first 0.16
granite_4_0_h_tiny  n=2: last 0.58 first 0.42 | n=4: last 0.38 first 0.16 | n=8: last 0.34 first 0.07
Nemotron_H_8B_Base_8K  n=2: last 0.55 first 0.45 | n=4: last 0.24 first 0.24 | n=8: last 0.27 first 0.05
Falcon_H1_1_5B_Base  n=2: last 0.55 first 0.45 | n=4: last 0.31 first 0.21 | n=8: last 0.17 first 0.12
Bamba_9B_v2  n=2: last 0.58 first 0.42 | n=4: last 0.51 first 0.13 | n=8: last 0.19 first 0.17
Qwen3_5_4B  n=2: last 0.58 first 0.42 | n=4: last 0.35 first 0.26 | n=8: last 0.23 first 0.19
    S5rope  n=2: last 0.47 first 0.53 | n=4: last 0.32 first 0.30 | n=8: last 0.22 first 0.26
    S5nope  n=2: last 0.38 first 0.62 | n=4: last 0.26 first 0.37 | n=8: last 0.20 first 0.21
      H7s2  n=2: last 0.47 first 0.53 | n=4: last 0.41 first 0.25 | n=8: last 0.36 first 0.11
        H7  n=2: last 0.24 first 0.76 | n=4: last 0.15 first 0.52 | n=8: last 0.12 first 0.30
      T7s2  n=2: last 0.51 first 0.49 | n=4: last 0.33 first 0.18 | n=8: last 0.25 first 0.09
