== reassign: candidate-renormalised P(correct) [chance = 1/n]  (acc)
 n  gap         L2rope        L2drope           T7s2           H7s2             H7
 1    4    1.00 (1.00)    1.00 (1.00)    1.00 (1.00)    1.00 (1.00)    1.00 (1.00)
 1   32    1.00 (1.00)    1.00 (1.00)    1.00 (1.00)    1.00 (1.00)    1.00 (1.00)
 2    4    0.57 (0.62)    0.31 (0.19)    0.51 (0.47)    0.49 (0.47)    0.34 (0.20)
 2   32    0.44 (0.38)    0.56 (0.52)    0.50 (0.53)    0.44 (0.36)    0.14 (0.03)
 4    4    0.28 (0.33)    0.13 (0.06)    0.30 (0.34)    0.31 (0.41)    0.13 (0.03)
 4   32    0.42 (0.62)    0.28 (0.27)    0.36 (0.47)    0.51 (0.86)    0.17 (0.11)
 8    4    0.15 (0.16)    0.07 (0.04)    0.22 (0.42)    0.29 (0.62)    0.10 (0.05)
 8   32    0.27 (0.55)    0.16 (0.17)    0.29 (0.61)    0.43 (0.82)    0.15 (0.17)
== keyed: candidate-renormalised P(correct) [chance = 1/n]  (acc)
 n  gap         L2rope        L2drope           T7s2           H7s2             H7
 1    4    1.00 (1.00)    1.00 (1.00)    1.00 (1.00)    1.00 (1.00)    1.00 (1.00)
 1   32    1.00 (1.00)    1.00 (1.00)    1.00 (1.00)    1.00 (1.00)    1.00 (1.00)
 2    4    0.94 (1.00)    0.58 (0.58)    0.93 (1.00)    0.97 (1.00)    0.97 (1.00)
 2   32    0.97 (0.99)    0.54 (0.55)    0.92 (0.97)    0.96 (1.00)    0.96 (0.99)
 4    4    0.94 (0.97)    0.30 (0.32)    0.91 (1.00)    0.96 (1.00)    0.95 (0.99)
 4   32    0.90 (0.99)    0.23 (0.25)    0.91 (1.00)    0.95 (1.00)    0.94 (0.99)
 8    4    0.84 (0.93)    0.12 (0.12)    0.92 (1.00)    0.95 (1.00)    0.93 (1.00)
 8   32    0.83 (0.95)    0.14 (0.14)    0.92 (1.00)    0.94 (0.99)    0.91 (1.00)
== reassign n>=2: mass on FIRST occurrence (primacy) — pooled over gaps
    L2rope  n=2: last 0.50 first 0.50 | n=4: last 0.35 first 0.24 | n=8: last 0.21 first 0.14
   L2drope  n=2: last 0.43 first 0.57 | n=4: last 0.20 first 0.35 | n=8: last 0.12 first 0.25
      T7s2  n=2: last 0.51 first 0.49 | n=4: last 0.33 first 0.18 | n=8: last 0.25 first 0.09
      H7s2  n=2: last 0.47 first 0.53 | n=4: last 0.41 first 0.25 | n=8: last 0.36 first 0.11
        H7  n=2: last 0.24 first 0.76 | n=4: last 0.15 first 0.52 | n=8: last 0.12 first 0.30
