== reassign: candidate-renormalised P(correct) [chance = 1/n]  (acc)
 n  gap           T7s2          T7s3e          T7s3m             T7           H7s2          H7s3e          H7s3m             H7
 1    4    1.00 (1.00)    1.00 (1.00)    1.00 (1.00)    1.00 (1.00)    1.00 (1.00)    1.00 (1.00)    1.00 (1.00)    1.00 (1.00)
 1   32    1.00 (1.00)    1.00 (1.00)    1.00 (1.00)    1.00 (1.00)    1.00 (1.00)    1.00 (1.00)    1.00 (1.00)    1.00 (1.00)
 1  128    1.00 (1.00)    1.00 (1.00)    1.00 (1.00)    1.00 (1.00)    1.00 (1.00)    1.00 (1.00)    1.00 (1.00)    1.00 (1.00)
 2    4    0.51 (0.47)    0.44 (0.33)    0.53 (0.57)    0.49 (0.47)    0.49 (0.47)    0.60 (0.65)    0.49 (0.43)    0.34 (0.20)
 2   32    0.50 (0.53)    0.53 (0.58)    0.46 (0.38)    0.55 (0.55)    0.44 (0.36)    0.37 (0.32)    0.47 (0.40)    0.14 (0.03)
 2  128    0.56 (0.62)    0.70 (0.88)    0.55 (0.56)    0.59 (0.63)    0.49 (0.47)    0.38 (0.26)    0.63 (0.70)    0.26 (0.14)
 4    4    0.30 (0.34)    0.18 (0.05)    0.21 (0.16)    0.20 (0.12)    0.31 (0.41)    0.33 (0.38)    0.24 (0.20)    0.13 (0.03)
 4   32    0.36 (0.47)    0.29 (0.29)    0.32 (0.38)    0.41 (0.54)    0.51 (0.86)    0.43 (0.55)    0.44 (0.63)    0.17 (0.11)
 4  128    0.31 (0.32)    0.34 (0.44)    0.24 (0.21)    0.36 (0.45)    0.49 (0.75)    0.48 (0.57)    0.53 (0.78)    0.26 (0.23)
 8    4    0.22 (0.42)    0.15 (0.15)    0.18 (0.27)    0.14 (0.12)    0.29 (0.62)    0.30 (0.51)    0.18 (0.18)    0.10 (0.05)
 8   32    0.29 (0.61)    0.18 (0.25)    0.22 (0.39)    0.27 (0.47)    0.43 (0.82)    0.28 (0.38)    0.33 (0.61)    0.15 (0.17)
 8  128    0.20 (0.29)    0.20 (0.26)    0.13 (0.15)    0.18 (0.22)    0.32 (0.55)    0.32 (0.44)    0.40 (0.75)    0.21 (0.22)
== keyed: candidate-renormalised P(correct) [chance = 1/n]  (acc)
 n  gap           T7s2          T7s3e          T7s3m             T7           H7s2          H7s3e          H7s3m             H7
 1    4    1.00 (1.00)    1.00 (1.00)    1.00 (1.00)    1.00 (1.00)    1.00 (1.00)    1.00 (1.00)    1.00 (1.00)    1.00 (1.00)
 1   32    1.00 (1.00)    1.00 (1.00)    1.00 (1.00)    1.00 (1.00)    1.00 (1.00)    1.00 (1.00)    1.00 (1.00)    1.00 (1.00)
 1  128    1.00 (1.00)    1.00 (1.00)    1.00 (1.00)    1.00 (1.00)    1.00 (1.00)    1.00 (1.00)    1.00 (1.00)    1.00 (1.00)
 2    4    0.93 (1.00)    0.95 (1.00)    0.90 (0.97)    0.90 (1.00)    0.97 (1.00)    0.98 (1.00)    0.98 (1.00)    0.97 (1.00)
 2   32    0.92 (0.97)    0.95 (1.00)    0.92 (1.00)    0.82 (0.96)    0.96 (1.00)    0.98 (1.00)    0.95 (1.00)    0.96 (0.99)
 2  128    0.92 (1.00)    0.87 (1.00)    0.90 (0.99)    0.82 (0.95)    0.97 (1.00)    0.97 (1.00)    0.95 (1.00)    0.95 (1.00)
 4    4    0.91 (1.00)    0.96 (1.00)    0.91 (0.99)    0.85 (0.99)    0.96 (1.00)    0.95 (0.98)    0.95 (0.99)    0.95 (0.99)
 4   32    0.91 (1.00)    0.92 (1.00)    0.93 (1.00)    0.79 (0.97)    0.95 (1.00)    0.94 (0.99)    0.91 (0.98)    0.94 (0.99)
 4  128    0.94 (1.00)    0.84 (0.98)    0.92 (0.97)    0.83 (0.95)    0.98 (1.00)    0.93 (0.97)    0.90 (0.96)    0.89 (0.97)
 8    4    0.92 (1.00)    0.96 (1.00)    0.93 (1.00)    0.79 (0.98)    0.95 (1.00)    0.95 (0.97)    0.91 (0.98)    0.93 (1.00)
 8   32    0.92 (1.00)    0.94 (1.00)    0.94 (1.00)    0.85 (1.00)    0.94 (0.99)    0.88 (0.97)    0.91 (0.97)    0.91 (1.00)
 8  128    0.75 (0.83)    0.82 (0.98)    0.94 (0.98)    0.91 (0.99)    0.96 (0.98)    0.81 (0.87)    0.89 (0.97)    0.87 (0.99)
== reassign n>=2: mass on FIRST occurrence (primacy) — pooled over gaps
      T7s2  n=2: last 0.52 first 0.48 | n=4: last 0.33 first 0.15 | n=8: last 0.24 first 0.10
     T7s3e  n=2: last 0.55 first 0.45 | n=4: last 0.27 first 0.20 | n=8: last 0.18 first 0.11
     T7s3m  n=2: last 0.51 first 0.49 | n=4: last 0.26 first 0.19 | n=8: last 0.18 first 0.11
        T7  n=2: last 0.54 first 0.46 | n=4: last 0.32 first 0.20 | n=8: last 0.19 first 0.13
      H7s2  n=2: last 0.48 first 0.52 | n=4: last 0.44 first 0.24 | n=8: last 0.35 first 0.14
     H7s3e  n=2: last 0.45 first 0.55 | n=4: last 0.41 first 0.19 | n=8: last 0.30 first 0.06
     H7s3m  n=2: last 0.53 first 0.47 | n=4: last 0.40 first 0.16 | n=8: last 0.30 first 0.08
        H7  n=2: last 0.25 first 0.75 | n=4: last 0.19 first 0.50 | n=8: last 0.15 first 0.27
