== reassign: candidate-renormalised P(correct) [chance = 1/n]  (acc)
 n  gap         S5full         S5rope         S5nope           H7s2             H7
 1    4    1.00 (1.00)    1.00 (1.00)    1.00 (1.00)    1.00 (1.00)    1.00 (1.00)
 1   32    1.00 (1.00)    1.00 (1.00)    1.00 (1.00)    1.00 (1.00)    1.00 (1.00)
 1  128    1.00 (1.00)    1.00 (1.00)    1.00 (1.00)    1.00 (1.00)    1.00 (1.00)
 2    4    0.41 (0.38)    0.28 (0.17)    0.27 (0.15)    0.49 (0.47)    0.34 (0.20)
 2   32    0.62 (0.67)    0.66 (0.69)    0.49 (0.49)    0.44 (0.36)    0.14 (0.03)
 2  128    0.59 (0.59)    0.47 (0.42)    0.49 (0.47)    0.49 (0.47)    0.26 (0.14)
 4    4    0.26 (0.25)    0.18 (0.13)    0.19 (0.15)    0.31 (0.41)    0.13 (0.03)
 4   32    0.46 (0.57)    0.46 (0.53)    0.32 (0.31)    0.51 (0.86)    0.17 (0.11)
 4  128    0.51 (0.60)    0.33 (0.38)    0.34 (0.37)    0.49 (0.75)    0.26 (0.23)
 8    4    0.25 (0.31)    0.21 (0.24)    0.15 (0.14)    0.29 (0.62)    0.10 (0.05)
 8   32    0.37 (0.50)    0.23 (0.35)    0.24 (0.31)    0.43 (0.82)    0.15 (0.17)
 8  128    0.41 (0.63)    0.35 (0.52)    0.22 (0.23)    0.32 (0.55)    0.21 (0.22)
== keyed: candidate-renormalised P(correct) [chance = 1/n]  (acc)
 n  gap         S5full         S5rope         S5nope           H7s2             H7
 1    4    1.00 (1.00)    1.00 (1.00)    1.00 (1.00)    1.00 (1.00)    1.00 (1.00)
 1   32    1.00 (1.00)    1.00 (1.00)    1.00 (1.00)    1.00 (1.00)    1.00 (1.00)
 1  128    1.00 (1.00)    1.00 (1.00)    1.00 (1.00)    1.00 (1.00)    1.00 (1.00)
 2    4    0.90 (0.95)    0.96 (1.00)    0.96 (1.00)    0.97 (1.00)    0.97 (1.00)
 2   32    0.86 (0.95)    0.95 (1.00)    0.89 (0.96)    0.96 (1.00)    0.96 (0.99)
 2  128    0.89 (0.96)    0.97 (1.00)    0.83 (0.93)    0.97 (1.00)    0.95 (1.00)
 4    4    0.79 (0.93)    0.85 (0.96)    0.91 (0.99)    0.96 (1.00)    0.95 (0.99)
 4   32    0.69 (0.79)    0.91 (0.97)    0.68 (0.73)    0.95 (1.00)    0.94 (0.99)
 4  128    0.78 (0.88)    0.78 (0.85)    0.67 (0.70)    0.98 (1.00)    0.89 (0.97)
 8    4    0.64 (0.80)    0.75 (0.90)    0.75 (0.91)    0.95 (1.00)    0.93 (1.00)
 8   32    0.55 (0.65)    0.77 (0.88)    0.59 (0.65)    0.94 (0.99)    0.91 (1.00)
 8  128    0.74 (0.82)    0.49 (0.54)    0.57 (0.66)    0.96 (0.98)    0.87 (0.99)
== reassign n>=2: mass on FIRST occurrence (primacy) — pooled over gaps
    S5full  n=2: last 0.54 first 0.46 | n=4: last 0.41 first 0.18 | n=8: last 0.34 first 0.10
    S5rope  n=2: last 0.47 first 0.53 | n=4: last 0.33 first 0.26 | n=8: last 0.26 first 0.19
    S5nope  n=2: last 0.41 first 0.59 | n=4: last 0.29 first 0.36 | n=8: last 0.21 first 0.25
      H7s2  n=2: last 0.48 first 0.52 | n=4: last 0.44 first 0.24 | n=8: last 0.35 first 0.14
        H7  n=2: last 0.25 first 0.75 | n=4: last 0.19 first 0.50 | n=8: last 0.15 first 0.27
