### gap change per transition (D = later gap - earlier gap; gap = T - H; == DiD I(x))
== change-point
feature                         T7s1-H7s1              T7s2-H7s2     D = second - first
all                +0.0328 [+0.030,+0.037] +0.0506 [+0.048,+0.053] +0.0178 [+0.013,+0.021]
novel(rep0)        +0.0691 [+0.063,+0.075] +0.1036 [+0.100,+0.108] +0.0345 [+0.027,+0.041]
rep1               +0.0323 [+0.029,+0.038] +0.0502 [+0.048,+0.052] +0.0179 [+0.013,+0.022]
rep>=2             +0.0104 [+0.009,+0.012] +0.0176 [+0.016,+0.019] +0.0072 [+0.005,+0.009]
rep>=4             +0.0022 [+0.001,+0.003] +0.0051 [+0.004,+0.006] +0.0029 [+0.002,+0.004]
rep>=8             +0.0012 [-0.000,+0.002] +0.0031 [+0.002,+0.004] +0.0019 [+0.001,+0.003]
rep>=16            -0.0002 [-0.002,+0.001] +0.0020 [+0.001,+0.003] +0.0022 [+0.001,+0.004]
open               +0.0286 [+0.023,+0.034] +0.0270 [+0.022,+0.032] -0.0017 [-0.007,+0.004]
close              +0.0135 [+0.009,+0.018] +0.0142 [+0.011,+0.017] +0.0006 [-0.004,+0.005]
content|rep0       +0.0777 [+0.070,+0.087] +0.1173 [+0.112,+0.123] +0.0396 [+0.030,+0.048]
function|rep0      +0.0521 [+0.043,+0.062] +0.0663 [+0.059,+0.073] +0.0142 [+0.003,+0.023]
content|rep>=1     +0.0415 [+0.036,+0.049] +0.0671 [+0.063,+0.071] +0.0256 [+0.018,+0.031]
function|rep>=1    +0.0257 [+0.022,+0.030] +0.0359 [+0.034,+0.038] +0.0102 [+0.005,+0.014]
pg19:all           +0.0340 [+0.032,+0.036] +0.0712 [+0.069,+0.073] +0.0372 [+0.035,+0.039]
pg19:open-close    +0.0794                 +0.0607                 -0.0188                
wikipedia:all      +0.0480 [+0.039,+0.062] +0.0524 [+0.049,+0.056] +0.0044 [-0.007,+0.014]
wikipedia:open-close +0.0629                 +0.0263                 -0.0367                
python:all         +0.0169 [+0.015,+0.019] +0.0247 [+0.023,+0.027] +0.0078 [+0.006,+0.010]
python:open-close  +0.0057                 +0.0088                 +0.0031                
== change-point
feature                         T7s2-H7s2            T7s3e-H7s3e     D = second - first
all                +0.0506 [+0.048,+0.053] +0.0164 [+0.014,+0.019] -0.0342 [-0.036,-0.032]
novel(rep0)        +0.1036 [+0.099,+0.108] +0.0516 [+0.045,+0.059] -0.0519 [-0.056,-0.047]
rep1               +0.0502 [+0.048,+0.052] +0.0112 [+0.008,+0.014] -0.0390 [-0.041,-0.037]
rep>=2             +0.0176 [+0.016,+0.019] -0.0008 [-0.003,+0.001] -0.0184 [-0.020,-0.017]
rep>=4             +0.0051 [+0.004,+0.006] -0.0020 [-0.004,-0.000] -0.0071 [-0.009,-0.006]
rep>=8             +0.0031 [+0.002,+0.004] +0.0001 [-0.001,+0.002] -0.0030 [-0.004,-0.002]
rep>=16            +0.0020 [+0.001,+0.003] -0.0001 [-0.002,+0.002] -0.0021 [-0.004,-0.001]
open               +0.0270 [+0.022,+0.032] -0.0132 [-0.020,-0.006] -0.0402 [-0.047,-0.034]
close              +0.0142 [+0.011,+0.017] -0.0084 [-0.015,-0.001] -0.0226 [-0.028,-0.016]
content|rep0       +0.1173 [+0.112,+0.123] +0.0647 [+0.056,+0.074] -0.0526 [-0.058,-0.046]
function|rep0      +0.0663 [+0.060,+0.072] +0.0506 [+0.042,+0.059] -0.0157 [-0.024,-0.006]
content|rep>=1     +0.0671 [+0.063,+0.071] +0.0064 [+0.002,+0.012] -0.0607 [-0.064,-0.057]
function|rep>=1    +0.0359 [+0.034,+0.038] +0.0380 [+0.035,+0.041] +0.0020 [-0.001,+0.005]
pg19:all           +0.0712 [+0.069,+0.074] +0.0410 [+0.038,+0.046] -0.0302 [-0.034,-0.026]
pg19:open-close    +0.0607                 -0.0162                 -0.0768                
wikipedia:all      +0.0524 [+0.049,+0.056] +0.0040 [-0.000,+0.009] -0.0484 [-0.052,-0.045]
wikipedia:open-close +0.0263                 -0.0792                 -0.1054                
python:all         +0.0247 [+0.023,+0.026] -0.0007 [-0.003,+0.002] -0.0253 [-0.027,-0.023]
python:open-close  +0.0088                 +0.0055                 -0.0033                
== change-point
feature                       T7s3e-H7s3e                  T7-H7     D = second - first
all                +0.0164 [+0.013,+0.020] -0.0223 [-0.034,-0.012] -0.0387 [-0.048,-0.029]
novel(rep0)        +0.0516 [+0.045,+0.058] +0.0250 [+0.014,+0.036] -0.0266 [-0.036,-0.017]
rep1               +0.0112 [+0.008,+0.014] -0.0270 [-0.039,-0.016] -0.0382 [-0.050,-0.027]
rep>=2             -0.0008 [-0.003,+0.001] -0.0475 [-0.060,-0.036] -0.0467 [-0.058,-0.036]
rep>=4             -0.0020 [-0.004,-0.000] -0.0575 [-0.074,-0.043] -0.0556 [-0.072,-0.041]
rep>=8             +0.0001 [-0.001,+0.002] -0.0627 [-0.085,-0.044] -0.0629 [-0.084,-0.044]
rep>=16            -0.0001 [-0.002,+0.002] -0.0754 [-0.109,-0.046] -0.0753 [-0.114,-0.047]
open               -0.0132 [-0.021,-0.005] -0.1010 [-0.137,-0.068] -0.0878 [-0.123,-0.056]
close              -0.0084 [-0.015,-0.002] -0.1306 [-0.181,-0.084] -0.1222 [-0.171,-0.078]
content|rep0       +0.0647 [+0.056,+0.073] +0.0517 [+0.041,+0.063] -0.0130 [-0.023,-0.004]
function|rep0      +0.0506 [+0.042,+0.060] +0.0162 [+0.004,+0.028] -0.0344 [-0.048,-0.021]
content|rep>=1     +0.0064 [+0.002,+0.011] -0.0043 [-0.016,+0.007] -0.0107 [-0.020,-0.001]
function|rep>=1    +0.0380 [+0.035,+0.041] -0.0018 [-0.009,+0.005] -0.0398 [-0.046,-0.034]
pg19:all           +0.0410 [+0.038,+0.046] +0.0515 [+0.048,+0.055] +0.0105 [+0.006,+0.015]
pg19:open-close    -0.0162                 +0.0968                 +0.1130                
wikipedia:all      +0.0040 [-0.001,+0.008] -0.0500 [-0.064,-0.036] -0.0539 [-0.067,-0.040]
wikipedia:open-close -0.0792                 -0.0624                 +0.0167                
python:all         -0.0007 [-0.003,+0.001] -0.0824 [-0.109,-0.059] -0.0818 [-0.106,-0.058]
python:open-close  +0.0055                 +0.0388                 +0.0334                
### within-model change per transition (earlier - later; > 0 = model improved)
== T7s1 - T7s2
feature                         T7s1-T7s2
all                -0.0337 [-0.042,-0.026]
novel(rep0)        -0.0661 [-0.082,-0.050]
rep1               -0.0378 [-0.045,-0.030]
rep>=2             -0.0093 [-0.012,-0.006]
rep>=4             +0.0024 [+0.001,+0.004]
rep>=8             +0.0019 [+0.001,+0.003]
rep>=16            +0.0006 [-0.001,+0.002]
open               +0.0429 [+0.035,+0.050]
close              +0.0272 [+0.022,+0.032]
content|rep0       -0.1116 [-0.131,-0.092]
function|rep0      -0.0690 [-0.082,-0.055]
content|rep>=1     -0.0641 [-0.074,-0.053]
function|rep>=1    -0.0352 [-0.041,-0.028]
pg19:all           -0.1018 [-0.107,-0.096]
pg19:open-close    -0.0197                
wikipedia:all      -0.0100 [-0.027,+0.005]
wikipedia:open-close +0.0380                
python:all         +0.0235 [+0.017,+0.030]
python:open-close  +0.0143                
== H7s1 - H7s2
feature                         H7s1-H7s2
all                -0.0159 [-0.025,-0.008]
novel(rep0)        -0.0316 [-0.048,-0.015]
rep1               -0.0199 [-0.029,-0.012]
rep>=2             -0.0021 [-0.005,+0.001]
rep>=4             +0.0052 [+0.004,+0.007]
rep>=8             +0.0038 [+0.003,+0.005]
rep>=16            +0.0028 [+0.002,+0.004]
open               +0.0412 [+0.034,+0.048]
close              +0.0278 [+0.023,+0.032]
content|rep0       -0.0720 [-0.092,-0.053]
function|rep0      -0.0548 [-0.071,-0.040]
content|rep>=1     -0.0385 [-0.052,-0.026]
function|rep>=1    -0.0250 [-0.032,-0.018]
pg19:all           -0.0646 [-0.070,-0.059]
pg19:open-close    -0.0385                
wikipedia:all      -0.0055 [-0.029,+0.015]
wikipedia:open-close +0.0013                
python:all         +0.0313 [+0.026,+0.037]
python:open-close  +0.0174                
== T7s2 - T7s3e
feature                        T7s2-T7s3e
all                -0.1026 [-0.106,-0.099]
novel(rep0)        -0.2256 [-0.230,-0.222]
rep1               -0.0931 [-0.096,-0.090]
rep>=2             -0.0343 [-0.036,-0.032]
rep>=4             -0.0144 [-0.016,-0.013]
rep>=8             -0.0083 [-0.010,-0.007]
rep>=16            -0.0058 [-0.007,-0.005]
open               -0.0758 [-0.082,-0.070]
close              -0.0485 [-0.054,-0.044]
content|rep0       -0.2405 [-0.246,-0.236]
function|rep0      -0.1576 [-0.165,-0.151]
content|rep>=1     -0.1307 [-0.137,-0.125]
function|rep>=1    -0.0660 [-0.069,-0.064]
pg19:all           -0.1240 [-0.127,-0.121]
pg19:open-close    -0.0949                
wikipedia:all      -0.1102 [-0.117,-0.105]
wikipedia:open-close +0.0014                
python:all         -0.0702 [-0.075,-0.066]
python:open-close  -0.0275                
== H7s2 - H7s3e
feature                        H7s2-H7s3e
all                -0.1368 [-0.141,-0.133]
novel(rep0)        -0.2775 [-0.283,-0.272]
rep1               -0.1321 [-0.136,-0.128]
rep>=2             -0.0528 [-0.056,-0.050]
rep>=4             -0.0215 [-0.023,-0.020]
rep>=8             -0.0112 [-0.013,-0.010]
rep>=16            -0.0079 [-0.009,-0.007]
open               -0.1160 [-0.123,-0.109]
close              -0.0710 [-0.076,-0.066]
content|rep0       -0.2931 [-0.300,-0.287]
function|rep0      -0.1733 [-0.184,-0.165]
content|rep>=1     -0.1913 [-0.197,-0.185]
function|rep>=1    -0.0640 [-0.068,-0.060]
pg19:all           -0.1542 [-0.158,-0.150]
pg19:open-close    -0.1717                
wikipedia:all      -0.1586 [-0.167,-0.152]
wikipedia:open-close -0.1040                
python:all         -0.0955 [-0.101,-0.091]
python:open-close  -0.0308                
== T7s3e - T7
feature                          T7s3e-T7
all                +0.0930 [+0.089,+0.097]
novel(rep0)        +0.1907 [+0.186,+0.195]
rep1               +0.0886 [+0.086,+0.091]
rep>=2             +0.0358 [+0.033,+0.038]
rep>=4             +0.0145 [+0.013,+0.016]
rep>=8             +0.0072 [+0.006,+0.009]
rep>=16            +0.0053 [+0.004,+0.007]
open               +0.0647 [+0.060,+0.070]
close              +0.0354 [+0.031,+0.040]
content|rep0       +0.2148 [+0.209,+0.221]
function|rep0      +0.1283 [+0.122,+0.136]
content|rep>=1     +0.1298 [+0.125,+0.135]
function|rep>=1    +0.0658 [+0.063,+0.068]
pg19:all           +0.1160 [+0.113,+0.119]
pg19:open-close    +0.0620                
wikipedia:all      +0.1062 [+0.101,+0.113]
wikipedia:open-close +0.0409                
python:all         +0.0533 [+0.050,+0.057]
python:open-close  +0.0265                
== H7s3e - H7
feature                          H7s3e-H7
all                +0.0543 [+0.042,+0.066]
novel(rep0)        +0.1641 [+0.152,+0.176]
rep1               +0.0503 [+0.038,+0.061]
rep>=2             -0.0109 [-0.023,+0.000]
rep>=4             -0.0411 [-0.058,-0.026]
rep>=8             -0.0556 [-0.077,-0.035]
rep>=16            -0.0700 [-0.105,-0.041]
open               -0.0231 [-0.057,+0.008]
close              -0.0868 [-0.133,-0.044]
content|rep0       +0.2018 [+0.191,+0.213]
function|rep0      +0.0938 [+0.080,+0.108]
content|rep>=1     +0.1191 [+0.107,+0.131]
function|rep>=1    +0.0260 [+0.019,+0.033]
pg19:all           +0.1265 [+0.121,+0.131]
pg19:open-close    +0.1750                
wikipedia:all      +0.0523 [+0.037,+0.068]
wikipedia:open-close +0.0577                
python:all         -0.0284 [-0.051,-0.004]
python:open-close  +0.0599                
