== change-point
feature                         T7s1-H7s1                  T7-H7     D = second - first
all                +0.0328 [+0.030,+0.037] -0.0223 [-0.034,-0.012] -0.0551 [-0.065,-0.044]
novel(rep0)        +0.0691 [+0.063,+0.075] +0.0250 [+0.014,+0.036] -0.0441 [-0.056,-0.032]
rep1               +0.0323 [+0.029,+0.038] -0.0270 [-0.039,-0.016] -0.0593 [-0.072,-0.047]
rep>=2             +0.0104 [+0.009,+0.012] -0.0475 [-0.060,-0.036] -0.0580 [-0.070,-0.047]
rep>=4             +0.0022 [+0.001,+0.003] -0.0575 [-0.074,-0.043] -0.0597 [-0.076,-0.045]
rep>=8             +0.0012 [-0.000,+0.002] -0.0627 [-0.085,-0.044] -0.0639 [-0.085,-0.046]
rep>=16            -0.0002 [-0.002,+0.001] -0.0754 [-0.109,-0.046] -0.0752 [-0.112,-0.046]
open               +0.0286 [+0.023,+0.034] -0.1010 [-0.137,-0.068] -0.1296 [-0.166,-0.098]
close              +0.0135 [+0.009,+0.018] -0.1306 [-0.181,-0.084] -0.1441 [-0.192,-0.099]
content|rep0       +0.0777 [+0.070,+0.087] +0.0517 [+0.041,+0.063] -0.0259 [-0.038,-0.013]
function|rep0      +0.0521 [+0.043,+0.062] +0.0162 [+0.004,+0.028] -0.0359 [-0.051,-0.022]
content|rep>=1     +0.0415 [+0.036,+0.049] -0.0043 [-0.016,+0.007] -0.0458 [-0.059,-0.035]
function|rep>=1    +0.0257 [+0.022,+0.030] -0.0018 [-0.009,+0.005] -0.0276 [-0.036,-0.020]
pg19:all           +0.0340 [+0.032,+0.036] +0.0515 [+0.048,+0.055] +0.0175 [+0.014,+0.021]
pg19:open-close    +0.0794                 +0.0968                 +0.0174                
wikipedia:all      +0.0480 [+0.039,+0.062] -0.0500 [-0.064,-0.036] -0.0979 [-0.114,-0.082]
wikipedia:open-close +0.0629                 -0.0624                 -0.1254                
python:all         +0.0169 [+0.015,+0.019] -0.0824 [-0.109,-0.059] -0.0993 [-0.123,-0.076]
python:open-close  +0.0057                 +0.0388                 +0.0332                
